6296790,
1383170,
25606855,
49207419,
48960440,
17563796,
56189751,
42329389,
53954420,
5274077,
9880335,
36433716,
6201092,
47403283,
12791642,
843222,
2081289,
24587344,
13509108,
30199733,
48192426,
58221786,
1213755,
45187395,
11170104,
11170106,
11170107,
11170103,
38597883,
21040032,
21040036,
11940820,
47929741,
47929739,
49886012,
41041982,
48391987,
23478065,
34831150,
10340516,
10011476,
10011477,
2647550,
32565959,
37739522,
28661498,
14159649,
38119127,
48804683,
14095175,
18237567,
4457570,
41228344,
35802328,
35802337,
7297491,
49589537,
5206317,
7669445,
47987806,
13904651,
6596547,
5354179,
2391245,
34808241,
28126100,
888342,
13110052,
33115808,
5480183,
18033299,
8508768,
11940816,
41041979,
41041981,
20754440,
46435537,
37057861,
27723153,
31203942,
16959043,
2097826,
48538193,
33595135,
25301292,
1956168,
41228341,
41228347,
46860986,
1304738,
50995081,
45543255,
35133520,
35824245,
66588129,
24671520,
13395198,
12892655,
58058492,
13594498,
9912790,
50595284,
28165797,
49552221,
33347806,
69263215,
45865302,
66607842,
39194140,
28934121,
9722611,
66483962,
30458772,
9387601,
29549522,
47707628
