23031054,
55429091,
47858214,
20448326,
10896326,
36674891,
23739854,
7546847,
2649031,
28882452,
17916799,
19356551,
12525468,
11796355,
44517082,
62928947,
40226848,
3995231,
1133747,
2554914,
4268024,
18244524,
24950882,
15875453,
125257,
20889734,
13393891,
7804910,
28239455,
2446718,
22484898,
57358193,
25596429,
40416236,
24205073,
42311344,
26898879,
23547469,
38604359,
21475843,
39468794,
37738818,
33864934,
47859055,
2218922,
58548572,
51628166,
21068442,
7994223,
30217290,
51784714,
17829481,
68671903,
8066746,
8065841,
12871798,
13938878,
51786744,
46314940,
8941642,
48538190,
34902143,
24894334,
32740990,
37088652,
50481888,
23454489,
59768642,
8631992,
17737510,
26049333,
22931603,
17641734,
11418573,
2621510,
38868985,
22696988,
1253367,
28623637,
13599443,
9248594,
7264548,
42044618,
30195147,
45187394,
46435538,
2647564,
42349425,
13045789,
16959047,
3103364,
18716110,
44681296,
18120825,
22744317,
16361997,
11562006,
30058089,
30058092,
30058097,
41763087,
6019997



