3705736,
37819370,
41648178,
13680682,
48830374,
48538202,
15291133,
23734521,
29863056,
8373358,
20705933,
12543041,
51470541,
7629592,
19032000,
941436,
941436,
44517082,
8981806,
3661817,
13394048,
42934183,
14509735,
20048399,
19632857,
66233,
4165197,
114638,
43573199,
46435535,
49594853,
49677660,
9534090,
26434884,
14276662,
26642672,
4686432,
33587181,
43088593,
563598,
13041659,
13045803,
48538198,
18716096,
29872719,
19683563,
18716106,
47243042,
44515739,
44515739,
26746941,
16164316,
16300089,
30058083,
13349411,
51152011,
16790822,
49705139,
32216734
