11940822,
49886009,
41041980,
37150293,
14063922,
46435536,
27723154,
49594857,
10011478,
1300192,
34793218,
7305135,
42636132,
38230821,
1917945,
40457097,
46677529,
35015893,
1334781,
1334779,
1334782,
32565955,
42349428,
48495805,
45386221,
14159648,
31707674,
18500827,
18887694,
16959056,
14319106,
2097816,
40084938,
25301288,
45019979,
48137512,
22744325,
13993767,
23734513,
23734518,
18237569,
18237561,
46060092,
38926312,
38926302,
25926038,
1956166,
48234963,
7297486,
41763093,
6019993